[gd_scene format=3 uid="uid://ckft8neuknrwk"]

[ext_resource type="PackedScene" uid="uid://bncvx1kw5or07" path="res://test_scenes/victorious_lucian_splash/sketch.gltf" id="1_iaf6v"]
[ext_resource type="Script" uid="uid://cx7ekq328fxx4" path="res://test_scenes/victorious_lucian_splash/camera.gd" id="2_k8c47"]

[sub_resource type="ProceduralSkyMaterial" id="ProceduralSkyMaterial_2n4on"]
sky_top_color = Color(0.49803922, 0.49803922, 0.59607846, 1)
sky_horizon_color = Color(0.38039216, 0.35686275, 0.45882353, 1)
ground_bottom_color = Color(0.07058824, 0.05490196, 0.05490196, 1)
ground_horizon_color = Color(0.45490196, 0.3764706, 0.5372549, 1)
sun_angle_max = 0.0
use_debanding = false

[sub_resource type="Sky" id="Sky_g0iyq"]
sky_material = SubResource("ProceduralSkyMaterial_2n4on")

[sub_resource type="Environment" id="Environment_iaf6v"]
background_mode = 2
background_color = Color(0.16923234, 0.0564678, 0.26337764, 1)
sky = SubResource("Sky_g0iyq")
ambient_light_source = 3
ambient_light_sky_contribution = 0.31
ambient_light_energy = 7.83
reflected_light_source = 2
tonemap_mode = 2
tonemap_exposure = 1.75
adjustment_enabled = true
adjustment_contrast = 1.2
adjustment_saturation = 1.5

[sub_resource type="CameraAttributesPractical" id="CameraAttributesPractical_iaf6v"]

[node name="defaultScene" unique_id=1347612653 instance=ExtResource("1_iaf6v")]

[node name="WorldEnvironment" type="WorldEnvironment" parent="." index="0" unique_id=1101120030]
environment = SubResource("Environment_iaf6v")
camera_attributes = SubResource("CameraAttributesPractical_iaf6v")

[node name="Sun" type="DirectionalLight3D" parent="." index="1" unique_id=1393562335]
transform = Transform3D(0.22665131, -0.76540583, 0.6023149, 0, 0.61840844, 0.7858569, -0.97397596, -0.17811552, 0.14016306, 3.531418, 3.8447485, -1.825481)
light_color = Color(0.9684753, 0.8118291, 0.62693506, 1)
light_angular_distance = 0.1
shadow_enabled = true
directional_shadow_blend_splits = true
directional_shadow_max_distance = 25.0

[node name="node_Smoke_70d79cca-b159-4f35-990c-f02193947fe8_0_i0_mesh_Smoke_70d79cca-b159-4f35-990c-f02193947fe8_0_i0" parent="Node/Node2/Node3/node_Smoke_70d79cca-b159-4f35-990c-f02193947fe8_0_i0" parent_id_path=PackedInt32Array(270962440) index="0" unique_id=208571962]
transform = Transform3D(1, 0, 0, 0, 1, 0, 0, 0, 1, 0, -0.7791672, 0)

[node name="Camera" parent="." index="3" unique_id=1074576640 node_paths=PackedStringArray("look_target")]
transform = Transform3D(0.45010847, 0.20175809, -0.869877, 0, 0.9741343, 0.22593985, 0.8929717, -0.101697534, 0.43846738, -1.3645909, 1.0945637, 0.4130437)
fov = 60.6
far = 1000.0
script = ExtResource("2_k8c47")
look_target = NodePath("../CameraTarget")

[node name="CameraTarget" type="Marker3D" parent="." index="4" unique_id=153732778]
transform = Transform3D(0.3391136, 0.15744725, -0.92747635, 0.01696822, 0.98471105, 0.17336744, 0.9405924, -0.07452888, 0.3312573, -0.36126196, 0.83396137, -0.092691086)
top_level = true
